1.09

1.09

0.80

1.09

1.85

0.80

1.35

1.50

1.80

1.40

1.85

0.79

0.80



1.10

0.50

0.89

1.50

1.50

1.40

2.00

1.40

0.50

1.75

1.85

1.50

4.25

1.40

0.52

1.75

1.35

2.00

0.55

1.10

0.79

1.15

0.89

1.80

1.20

1.90

1.10

1.00

1.40

1.90

1.00

0.65

1.10

1.70

1.00

1.10

1.05

1.00

0.75

1.15

1.20

0.85

1.80

1.00

0.70

0.50

0.30

1.50

0.75

1.10

0.85

0.90

1.10

0.50

4.25

2.00

0.40



2.00

1.40

1.50

11.50

0.60

1.40

1.00

8.00

1.80

1.00



1.00

1.10

2.75

1.10

0.85

2.20

1.00

1.00

1.75

0.50

1.80

2.00

0.90

0.90

1.50

0.95

1.00

2.80

1.39

0.60

1.00

1.39

0.85

1.55

0.75

1.10

1.00

1.80

1.00



0.75

1.00

1.50

3.50

3.50

1.50

1.70

3.20

0.75

0.80

1.00

0.65

1.00

1.35

3.95

3.49

0.89

1.00

1.00





0.75

1.00

1.00

0.95

1.40

2.00

0.70

3.00



1.70

1.00

1.99

1.00

0.60



8.00

4.00

1.00

1.50

10.50

2.40

1.50

1.00

1.70

1.20

2.49

1.00

1.00

0.60

0.32

3.00

1.50

1.00

3.20

5.00

1.80

1.20

1.00

4.00

1.00

1.30

1.69

2.50

11.50

0.99

1.00

8.00

1.69

0.75

1.50

3.50

4.39

1.00

1.00

0.60

0.75

0.64

0.80

10.75

1.40

1.40

0.60

1.80

0.60

2.00

2.00

1.00

2.00

2.50

1.50

1.10

2.50

1.50

0.69

1.00

3.40

2.00

0.89

2.00

0.75

1.40

4.00

0.95

10.50

2.79

1.00

2.00

3.00

1.75

6.50

2.00

1.50

1.99

1.50

0.99

0.75

1.80



1.50

10.75

3.00

1.90

2.80

0.89

14.00

1.99

1.85

1.60

3.95

4.00

0.95

1.00

15.00

1.70

1.59

1.60

1.40

10.50

8.00

4.00

9.45

7.40

1.00

4.00

2.00

14.00

1.50

2.20

2.25

1.50

1.60

10.20

1.70

1.50

1.65

0.75

0.85

10.50

1.00

8.50

1.35

2.50

15.00

1.00

8.00

1.00

0.26

1.00

0.99

10.50

15.00

2.00

1.80

0.59

2.50

2.50

2.50

1.50

1.00

6.00

3.00

6.50

8.00

13.00

2.25

1.35

1.60

0.25

1.55

0.65

12.00

1.50

1.50

3.00

0.60

2.00

2.70

4.00

2.10

1.00

1.35

0.75

12.50

1.69

1.99

1.90

5.80

10.00

3.50

0.90

1.90

2.00

1.50

1.50

2.00

21.00

3.00

1.50

2.50

12.50

21.00

1.90

13.00

2.00

0.99

0.90

1.60

2.00

1.00

1.80

1.00

3.00

7.00

0.70

1.00

1.80

0.90

1.65

0.79

1.50

1.39

4.00

3.50

1.59

1.50

1.50

8.00

16.00

2.40

1.25

2.00

1.25

3.50

4.00

2.20

1.45

1.25

2.00

2.00

3.50

0.90

1.50

8.00

1.50

0.85

1.00

7.00

3.00

9.50

4.00

7.00

15.00

3.60

2.75

6.00

1.50

2.50

0.79

4.00

1.50

3.50

15.00

0.90

2.50

14.50

3.80

1.98

7.75

3.80

3.80

8.00

0.90

1.20

5.50

