0.99

0.95

1.50

0.99

0.59

1.05

1.10

0.99

1.20

0.59

1.40

1.05

0.99

1.45

0.99

1.10

0.59

0.85

1.10

0.95

1.10

0.99

1.05

2.00

0.79

0.95

1.45

0.99

2.00

0.99

0.36

0.99

1.10

0.85

1.50

0.90

0.59

0.36

0.95

1.10

1.60

0.85



1.40

1.60

0.95

0.79

1.80

0.59

0.99

0.79

0.85

0.99

0.45

1.60

1.10

1.10

0.45

0.65

0.69

1.05



0.85

1.35

1.10

0.85

0.80

0.90

0.90

0.32

0.79

1.00

0.90

1.00

0.65

0.50

1.60

0.50

1.60

1.50

1.45

1.10

1.20

0.69

0.79

1.00

0.42

0.65

1.00

0.95

0.85

0.95

2.00

1.10

1.60

0.85

1.00

1.00

0.75

0.79

1.00

1.10



0.85

1.00

1.80

1.60

0.35

1.80

1.65

0.79

1.10

0.69

1.80

1.50

1.00

1.00

1.10

0.65

0.85

1.00

2.00

1.00

0.95

1.10

0.75

1.30

0.99

1.60

1.59

0.69

2.50

0.70

1.65



2.45

1.00

0.69

1.60

1.50

2.50

2.50

2.45

3.40

0.95

1.19

1.60

0.84

1.60

1.65

0.79

1.35

1.50

1.60

0.69

0.80

0.79

0.90

1.19

1.00

2.45

2.80

1.69

1.00

3.40

0.90

1.15

0.69

1.69

1.10

0.79

1.10

1.40

1.00

2.50

0.99

2.00

0.50

0.75

0.65

1.50

1.60

1.25

1.50

2.00

1.59

1.00

2.60

0.85

1.50

3.00

0.79

1.30

0.70

3.00

0.79

1.60

1.60

1.49

1.50

1.25

1.35

1.60

1.60

1.50

2.50

1.60

1.35

1.30

1.00

1.00

1.49

1.00

1.19

0.75

2.00

1.60

2.00

1.00

1.60

1.15

1.35

1.20

0.79

2.00

1.60

1.60

1.00

1.25

2.50

1.00

0.80

0.75

1.65

5.00

2.80

1.00

0.70

1.57

1.35

1.30

2.50

1.09

2.00

2.25

1.00

3.00

2.00

1.60

1.85

2.00

0.65

1.60

1.00

2.60

2.00

1.35

1.70

1.00

0.80

1.25

1.20

0.69

2.00

1.00

0.85

1.35

1.00

1.15

2.00

2.00

1.00

1.00

2.00

0.70

1.10

1.60

2.00

1.00

1.60

1.00

1.10

1.35

1.10

1.00

1.00

2.50

1.00

1.00

3.80

1.60

1.95

4.00

2.00

7.00

1.50

2.50

0.75

3.80

1.50

3.00

1.70

2.00

0.69

2.50

1.00

0.65

1.60

0.79

3.49

2.00

1.95

0.79

1.60

1.30

1.60

1.00

2.99

0.80

1.00

2.00

1.00

1.00

2.45

1.60

1.50

2.10

1.00

1.15

2.50

2.50

1.00

1.00

1.30

2.00

2.00

7.50

1.60

1.00

1.80

1.20

1.00

2.50

1.00

1.30

2.50

2.99

3.00

2.80

1.00

3.50

1.60

2.00

1.70

1.75

3.00

1.69

1.30

1.10

2.80

7.00

3.75

1.10

1.80

2.00

3.75

1.70

1.80

2.00

2.25

3.00

3.00

3.00

2.25

2.00

2.00

4.00

3.40

2.50

2.00

1.50

1.00

1.80

3.40

4.00

1.80

2.50



